1764376079765 49.19034194946289 0
1764376079770 42.88933181762695 1
1764376079774 42.29304885864258 2
1764376079780 41.14487838745117 3
1764376079784 39.449607849121094 4
1764376079787 38.949745178222656 5
1764376079794 38.27890396118164 6
1764376079797 37.52992248535156 7
1764376079802 37.6916618347168 8
1764376079805 36.98387145996094 9
1764376079810 38.68854522705078 10
1764376079816 36.993778228759766 11
1764376079820 36.10413360595703 12
1764376079825 36.714324951171875 13
1764376079829 36.19722366333008 14
1764376079834 38.30790328979492 15
1764376079837 35.471553802490234 16
1764376079842 35.40992736816406 17
1764376079847 36.30283737182617 18
1764376079851 35.37953567504883 19
1764376079854 35.33906173706055 20
1764376079860 38.646846771240234 21
1764376079863 37.21751403808594 22
1764376079867 34.98319625854492 23
1764376079874 36.86691665649414 24
1764376079885 34.65498733520508 25
1764376079889 35.375267028808594 26
1764376079893 36.53032302856445 27
1764376079897 34.20947265625 28
1764376079902 37.415740966796875 29
1764376079906 36.31352996826172 30
1764376079910 35.21226501464844 31
1764376079915 35.29853820800781 32
1764376079919 37.231422424316406 33
1764376079924 35.77348709106445 34
1764376079927 34.692787170410156 35
1764376079933 35.85490417480469 36
1764376079936 34.97495651245117 37
1764376079940 34.818702697753906 38
1764376079945 32.96158218383789 39
1764376079950 35.359310150146484 40
1764376079953 35.09318923950195 41
1764376079959 32.56851577758789 42
1764376079962 37.282291412353516 43
1764376079967 34.996009826660156 44
1764376079971 33.86915969848633 45
1764376079975 32.776641845703125 46
1764376079981 37.073726654052734 47
1764376079985 34.67875671386719 48
1764376079989 32.82206344604492 49
1764376079993 35.05222702026367 50
1764376079997 34.700721740722656 51
1764376080002 32.301395416259766 52
1764376080006 32.234130859375 53
1764376080010 34.69948196411133 54
1764376080016 33.26607894897461 55
1764376080020 31.921878814697266 56
1764376080025 36.55244827270508 57
1764376080031 34.17176055908203 58
1764376080035 34.783226013183594 59
1764376080038 33.640960693359375 60
1764376080043 32.54821014404297 61
1764376080048 34.39698791503906 62
1764376080052 32.12348175048828 63
1764376080056 32.256832122802734 64
1764376080060 35.93918991088867 65
1764376080065 31.815547943115234 66
1764376080069 36.30707550048828 67
1764376080072 32.61161804199219 68
1764376080076 36.06232452392578 69
1764376080082 32.69205093383789 70
1764376080085 32.43561553955078 71
1764376080090 31.226425170898438 72
1764376080094 34.14529800415039 73
1764376080100 31.58118438720703 74
1764376080103 31.596593856811523 75
1764376080107 32.972896575927734 76
1764376080112 35.60930252075195 77
1764376080116 33.97740173339844 78
1764376080120 31.180137634277344 79
1764376080125 33.574851989746094 80
1764376080129 34.509376525878906 81
1764376080134 31.257959365844727 82
1764376080138 34.3255729675293 83
1764376080142 32.024452209472656 84
1764376080147 32.018836975097656 85
1764376080151 31.34844207763672 86
1764376080155 33.55586242675781 87
1764376080160 32.88762664794922 88
1764376080164 32.43342208862305 89
1764376080168 32.622764587402344 90
1764376080172 31.156009674072266 91
1764376080175 32.75260925292969 92
1764376080180 33.29296112060547 93
1764376080185 31.320436477661133 94
1764376080188 31.355619430541992 95
1764376080193 36.5778923034668 96
1764376080197 31.332019805908203 97
1764376080201 34.348087310791016 98
1764376080205 33.75910568237305 99
1764376079765 49.19034194946289 0
