1764375063137 63.22987365722656 0
1764375063142 41.164310455322266 1
1764375063147 38.77671432495117 2
1764375063153 37.8891716003418 3
1764375063158 37.200862884521484 4
1764375063164 36.83295822143555 5
1764375063168 36.08742141723633 6
1764375063174 35.3697395324707 7
1764375063177 34.2749137878418 8
1764375063182 33.30531692504883 9
1764375063186 32.5531005859375 10
1764375063190 31.725486755371094 11
1764375063195 30.917652130126953 12
1764375063201 30.139684677124023 13
1764375063205 29.7253475189209 14
1764375063210 29.3643741607666 15
1764375063214 28.627349853515625 16
1764375063218 28.635948181152344 17
1764375063222 28.337696075439453 18
1764375063226 27.641855239868164 19
1764375063231 27.55961799621582 20
1764375063236 27.269454956054688 21
1764375063240 27.007278442382812 22
1764375063252 26.9337215423584 23
1764375063257 26.635574340820312 24
1764375063261 26.303054809570312 25
1764375063266 26.30959129333496 26
1764375063270 26.347543716430664 27
1764375063274 26.37826919555664 28
1764375063278 26.177045822143555 29
1764375063283 25.94283676147461 30
1764375063286 26.008827209472656 31
1764375063290 25.920251846313477 32
1764375063295 25.782562255859375 33
1764375063301 25.98381233215332 34
1764375063307 25.918352127075195 35
1764375063311 25.50925064086914 36
1764375063315 26.108034133911133 37
1764375063319 25.50956916809082 38
1764375063323 25.665433883666992 39
1764375063328 25.383419036865234 40
1764375063332 25.525554656982422 41
1764375063336 25.228282928466797 42
1764375063341 25.180227279663086 43
1764375063345 25.328529357910156 44
1764375063351 25.188257217407227 45
1764375063355 24.85101318359375 46
1764375063361 25.317720413208008 47
1764375063366 25.13897705078125 48
1764375063370 25.014211654663086 49
1764375063375 24.97684097290039 50
1764375063384 24.88591194152832 51
1764375063393 25.000900268554688 52
1764375063400 24.623416900634766 53
1764375063411 24.813257217407227 54
1764375063416 25.157487869262695 55
1764375063419 24.86905860900879 56
1764375063424 24.607908248901367 57
1764375063428 24.782596588134766 58
1764375063433 24.796367645263672 59
1764375063437 24.51188850402832 60
1764375063442 24.665990829467773 61
1764375063449 24.75892448425293 62
1764375063453 24.688232421875 63
1764375063458 24.710346221923828 64
1764375063464 24.623933792114258 65
1764375063468 24.323062896728516 66
1764375063472 24.370779037475586 67
1764375063476 24.703248977661133 68
1764375063481 24.448835372924805 69
1764375063484 24.266761779785156 70
1764375063488 24.156930923461914 71
1764375063496 24.40766143798828 72
1764375063509 24.3112850189209 73
1764375063514 24.399255752563477 74
1764375063518 24.575801849365234 75
1764375063522 23.829721450805664 76
1764375063527 24.265390396118164 77
1764375063531 24.225109100341797 78
1764375063535 24.30608558654785 79
1764375063543 24.186479568481445 80
1764375063550 24.23013687133789 81
1764375063556 23.916973114013672 82
1764375063560 24.00932502746582 83
1764375063566 24.299558639526367 84
1764375063570 24.20339584350586 85
1764375063575 24.149593353271484 86
1764375063579 23.970108032226562 87
1764375063583 24.425052642822266 88
1764375063586 24.303390502929688 89
1764375063590 24.095373153686523 90
1764375063598 23.565446853637695 91
1764375063604 24.22002601623535 92
1764375063611 24.0933780670166 93
1764375063617 24.314556121826172 94
1764375063625 23.840436935424805 95
1764375063633 24.218294143676758 96
1764375063637 23.815744400024414 97
1764375063645 24.097166061401367 98
1764375063654 23.894044876098633 99
1764375063137 63.22987365722656 0
