1764442703537 48.78245162963867 0
1764442703542 41.41437530517578 1
1764442703545 40.67557144165039 2
1764442703550 39.648040771484375 3
1764442703554 39.09805679321289 4
1764442703558 40.132720947265625 5
1764442703562 39.15182876586914 6
1764442703567 38.6199836730957 7
1764442703571 37.2292366027832 8
1764442703576 39.782466888427734 9
1764442703580 36.284305572509766 10
1764442703585 38.19065475463867 11
1764442703589 35.709232330322266 12
1764442703593 38.567935943603516 13
1764442703598 36.07461929321289 14
1764442703603 34.933834075927734 15
1764442703606 36.43966293334961 16
1764442703610 34.412960052490234 17
1764442703614 34.14576721191406 18
1764442703617 36.74189758300781 19
1764442703621 34.00831604003906 20
1764442703626 32.70610809326172 21
1764442703630 34.110965728759766 22
1764442703634 33.27529525756836 23
1764442703638 33.54106903076172 24
1764442703642 34.60527420043945 25
1764442703655 34.256690979003906 26
1764442703660 32.2989501953125 27
1764442703664 35.166282653808594 28
1764442703669 32.678558349609375 29
1764442703673 32.4387092590332 30
1764442703678 31.641401290893555 31
1764442703682 31.375106811523438 32
1764442703686 32.65066909790039 33
1764442703690 33.30017852783203 34
1764442703695 31.374996185302734 35
1764442703700 32.365482330322266 36
1764442703703 31.454792022705078 37
1764442703707 33.95011901855469 38
1764442703711 31.735898971557617 39
1764442703714 31.75174331665039 40
1764442703718 30.95355224609375 41
1764442703722 32.09144592285156 42
1764442703726 31.388898849487305 43
1764442703730 35.0694580078125 44
1764442703734 32.34355545043945 45
1764442703738 32.975563049316406 46
1764442703743 31.624364852905273 47
1764442703750 31.203811645507812 48
1764442703753 33.138824462890625 49
1764442703758 30.995750427246094 50
1764442703763 34.90132522583008 51
1764442703767 33.1711540222168 52
1764442703770 35.83285903930664 53
1764442703775 33.449153900146484 54
1764442703779 31.8087215423584 55
1764442703784 30.862808227539062 56
1764442703787 34.551876068115234 57
1764442703792 32.25759506225586 58
1764442703797 29.64198112487793 59
1764442703802 35.065818786621094 60
1764442703805 34.2744255065918 61
1764442703810 29.45672607421875 62
1764442703813 32.676612854003906 63
1764442703818 33.28456115722656 64
1764442703821 30.66060447692871 65
1764442703826 33.64719009399414 66
1764442703830 31.367809295654297 67
1764442703834 31.965192794799805 68
1764442703838 33.20610046386719 69
1764442703843 31.863872528076172 70
1764442703847 34.67151641845703 71
1764442703852 33.270023345947266 72
1764442703855 30.459529876708984 73
1764442703860 32.91952133178711 74
1764442703864 32.16801452636719 75
1764442703869 31.219417572021484 76
1764442703872 33.71022033691406 77
1764442703880 31.653406143188477 78
1764442703888 31.654497146606445 79
1764442703897 29.966901779174805 80
1764442703904 32.720821380615234 81
1764442703909 31.772552490234375 82
1764442703912 30.891950607299805 83
1764442703917 35.20380401611328 84
1764442703921 31.838254928588867 85
1764442703929 33.998085021972656 86
1764442703937 33.700382232666016 87
1764442703945 32.64944839477539 88
1764442703951 31.869638442993164 89
1764442703955 30.416057586669922 90
1764442703960 34.79147720336914 91
1764442703963 31.8729248046875 92
1764442703968 31.0022029876709 93
1764442703971 30.84520721435547 94
1764442703980 35.162261962890625 95
1764442703989 29.912395477294922 96
1764442703999 32.2013053894043 97
1764442704004 29.619688034057617 98
1764442704009 33.45231628417969 99
1764442703537 48.78245162963867 0
