1764374521767 128.98838806152344 0
1764374521773 63.013641357421875 1
1764374521777 52.435726165771484 2
1764374521782 49.38138198852539 3
1764374521785 47.40484619140625 4
1764374521789 45.8056755065918 5
1764374521794 44.300140380859375 6
1764374521797 43.00337600708008 7
1764374521801 41.91685485839844 8
1764374521807 41.007659912109375 9
1764374521811 40.258487701416016 10
1764374521815 39.66995620727539 11
1764374521818 39.20027160644531 12
1764374521823 38.78239822387695 13
1764374521827 38.43214416503906 14
1764374521830 38.14432907104492 15
1764374521835 37.81693649291992 16
1764374521842 37.5649528503418 17
1764374521846 37.3534049987793 18
1764374521850 37.10062026977539 19
1764374521854 36.9102668762207 20
1764374521857 36.692874908447266 21
1764374521861 36.50856399536133 22
1764374521865 36.302982330322266 23
1764374521868 36.07998275756836 24
1764374521878 35.86175537109375 25
1764374521884 35.58953857421875 26
1764374521887 35.38153839111328 27
1764374521891 35.11350631713867 28
1764374521895 34.850624084472656 29
1764374521899 34.63056945800781 30
1764374521904 34.37114715576172 31
1764374521911 34.140281677246094 32
1764374521915 33.88454055786133 33
1764374521919 33.65852355957031 34
1764374521923 33.48064041137695 35
1764374521927 33.25642395019531 36
1764374521931 33.072608947753906 37
1764374521935 32.827911376953125 38
1764374521939 32.646080017089844 39
1764374521944 32.44078826904297 40
1764374521948 32.166019439697266 41
1764374521953 32.032691955566406 42
1764374521958 31.823450088500977 43
1764374521962 31.62042808532715 44
1764374521966 31.439559936523438 45
1764374521972 31.250581741333008 46
1764374521976 31.075403213500977 47
1764374521981 30.915939331054688 48
1764374521984 30.74746322631836 49
1764374521987 30.569650650024414 50
1764374521991 30.468095779418945 51
1764374521995 30.238637924194336 52
1764374521998 30.112064361572266 53
1764374522004 29.945119857788086 54
1764374522008 29.810897827148438 55
1764374522014 29.70276641845703 56
1764374522018 29.50837516784668 57
1764374522024 29.385496139526367 58
1764374522028 29.215770721435547 59
1764374522033 29.055938720703125 60
1764374522040 28.9267635345459 61
1764374522045 28.792570114135742 62
1764374522049 28.655527114868164 63
1764374522054 28.497386932373047 64
1764374522058 28.40629768371582 65
1764374522063 28.24668312072754 66
1764374522069 28.12472152709961 67
1764374522075 27.99542236328125 68
1764374522080 27.848770141601562 69
1764374522085 27.754375457763672 70
1764374522089 27.584590911865234 71
1764374522095 27.434141159057617 72
1764374522099 27.31813621520996 73
1764374522105 27.175548553466797 74
1764374522110 27.00492286682129 75
1764374522114 26.87514305114746 76
1764374522118 26.74877166748047 77
1764374522122 26.572818756103516 78
1764374522126 26.40135955810547 79
1764374522134 26.27159309387207 80
1764374522141 26.09549331665039 81
1764374522145 26.03298568725586 82
1764374522149 25.854053497314453 83
1764374522153 25.82049560546875 84
1764374522157 25.686481475830078 85
1764374522161 25.612483978271484 86
1764374522164 25.474210739135742 87
1764374522167 25.412155151367188 88
1764374522173 25.257204055786133 89
1764374522178 25.17934799194336 90
1764374522183 25.10129737854004 91
1764374522187 25.02597999572754 92
1764374522191 24.913658142089844 93
1764374522194 24.794784545898438 94
1764374522198 24.729904174804688 95
1764374522202 24.66692352294922 96
1764374522208 24.546859741210938 97
1764374522213 24.56716537475586 98
1764374522216 24.468746185302734 99
1764374521767 128.98838806152344 0
