1764442029012 48.48369598388672 0
1764442029017 43.06245422363281 1
1764442029021 41.82356262207031 2
1764442029025 39.75757598876953 3
1764442029029 39.56956100463867 4
1764442029033 38.459373474121094 5
1764442029038 37.97772979736328 6
1764442029044 39.43714904785156 7
1764442029048 37.4903678894043 8
1764442029052 37.46366500854492 9
1764442029055 35.696571350097656 10
1764442029060 34.76579666137695 11
1764442029065 34.34806442260742 12
1764442029069 34.20372772216797 13
1764442029072 33.42371368408203 14
1764442029076 35.21889877319336 15
1764442029081 33.313411712646484 16
1764442029085 33.1839714050293 17
1764442029088 33.94600296020508 18
1764442029094 33.31216049194336 19
1764442029100 35.4780387878418 20
1764442029104 32.57203674316406 21
1764442029109 34.104888916015625 22
1764442029115 33.86918258666992 23
1764442029119 32.249961853027344 24
1764442029132 34.42808532714844 25
1764442029136 32.81782913208008 26
1764442029142 31.747188568115234 27
1764442029150 31.40001106262207 28
1764442029158 32.58448791503906 29
1764442029163 32.05817413330078 30
1764442029168 32.302207946777344 31
1764442029171 32.37439727783203 32
1764442029176 31.758373260498047 33
1764442029181 31.028886795043945 34
1764442029184 33.50469207763672 35
1764442029187 31.678081512451172 36
1764442029192 32.479007720947266 37
1764442029196 31.00789451599121 38
1764442029200 33.471073150634766 39
1764442029204 31.69758415222168 40
1764442029208 31.487279891967773 41
1764442029212 31.012060165405273 42
1764442029217 31.6993350982666 43
1764442029220 32.2692756652832 44
1764442029225 31.580413818359375 45
1764442029229 32.631595611572266 46
1764442029233 32.22962188720703 47
1764442029237 30.04781150817871 48
1764442029242 32.594024658203125 49
1764442029245 32.021549224853516 50
1764442029251 30.823217391967773 51
1764442029254 34.37214279174805 52
1764442029258 31.813337326049805 53
1764442029263 30.914167404174805 54
1764442029267 30.785320281982422 55
1764442029270 32.11680603027344 56
1764442029275 34.15510177612305 57
1764442029279 32.81515884399414 58
1764442029283 30.88236427307129 59
1764442029287 33.66972732543945 60
1764442029291 32.962467193603516 61
1764442029295 30.643857955932617 62
1764442029300 30.14124298095703 63
1764442029303 31.57859992980957 64
1764442029307 30.189367294311523 65
1764442029311 32.643741607666016 66
1764442029316 31.705568313598633 67
1764442029319 31.10731315612793 68
1764442029323 33.52091979980469 69
1764442029329 31.595867156982422 70
1764442029334 30.81491470336914 71
1764442029338 30.61837387084961 72
1764442029344 33.8974723815918 73
1764442029350 31.75471305847168 74
1764442029357 30.323991775512695 75
1764442029363 31.929929733276367 76
1764442029367 31.597471237182617 77
1764442029371 30.166858673095703 78
1764442029376 29.370086669921875 79
1764442029383 32.38890075683594 80
1764442029387 30.221458435058594 81
1764442029394 31.06074333190918 82
1764442029400 31.613304138183594 83
1764442029407 31.3127498626709 84
1764442029411 30.235851287841797 85
1764442029416 30.03736686706543 86
1764442029420 32.05851745605469 87
1764442029423 30.146615982055664 88
1764442029427 30.16180992126465 89
1764442029432 29.900875091552734 90
1764442029435 30.646543502807617 91
1764442029438 32.21567153930664 92
1764442029442 29.90625 93
1764442029447 29.523916244506836 94
1764442029451 31.31536865234375 95
1764442029454 30.459062576293945 96
1764442029458 29.77179718017578 97
1764442029462 30.20995330810547 98
1764442029467 30.251728057861328 99
1764442029012 48.48369598388672 0
