1764458685286 48.391151428222656 0
1764458685292 42.23875427246094 1
1764458685297 42.25922393798828 2
1764458685303 41.297237396240234 3
1764458685311 40.43928146362305 4
1764458685314 39.78008270263672 5
1764458685318 39.453697204589844 6
1764458685326 38.93311309814453 7
1764458685330 38.272117614746094 8
1764458685333 38.507381439208984 9
1764458685338 37.784324645996094 10
1764458685342 38.04841613769531 11
1764458685346 36.426265716552734 12
1764458685350 37.21826171875 13
1764458685357 35.324180603027344 14
1764458685362 35.09898376464844 15
1764458685365 34.83976745605469 16
1764458685369 35.10734939575195 17
1764458685374 33.3694953918457 18
1764458685377 36.13850021362305 19
1764458685381 32.65876388549805 20
1764458685385 32.584964752197266 21
1764458685396 32.48486328125 22
1764458685400 32.725494384765625 23
1764458685405 32.867034912109375 24
1764458685411 32.284507751464844 25
1764458685415 33.21687316894531 26
1764458685418 32.36357879638672 27
1764458685424 33.56770706176758 28
1764458685427 31.976594924926758 29
1764458685431 33.3349494934082 30
1764458685435 31.900859832763672 31
1764458685440 33.81425476074219 32
1764458685444 32.02518844604492 33
1764458685448 32.30146789550781 34
1764458685453 32.28086471557617 35
1764458685459 33.08506774902344 36
1764458685463 33.50706100463867 37
1764458685466 32.2122802734375 38
1764458685470 33.029518127441406 39
1764458685475 32.547882080078125 40
1764458685478 31.92047691345215 41
1764458685482 31.151508331298828 42
1764458685485 32.72722625732422 43
1764458685491 32.35662841796875 44
1764458685495 30.117095947265625 45
1764458685499 35.28741455078125 46
1764458685505 31.643997192382812 47
1764458685511 31.396533966064453 48
1764458685514 30.46637725830078 49
1764458685519 33.82693099975586 50
1764458685524 30.73002052307129 51
1764458685527 31.641925811767578 52
1764458685531 33.412940979003906 53
1764458685534 30.300260543823242 54
1764458685540 32.88606643676758 55
1764458685543 31.2435359954834 56
1764458685547 31.458646774291992 57
1764458685553 28.84821128845215 58
1764458685557 34.33055114746094 59
1764458685562 33.58271789550781 60
1764458685566 31.839597702026367 61
1764458685570 30.69706916809082 62
1764458685574 31.98038673400879 63
1764458685578 31.247722625732422 64
1764458685581 30.341190338134766 65
1764458685584 30.60957908630371 66
1764458685590 31.832082748413086 67
1764458685593 30.88144302368164 68
1764458685597 30.49171257019043 69
1764458685603 32.69050979614258 70
1764458685608 30.705934524536133 71
1764458685613 30.46221923828125 72
1764458685617 30.579734802246094 73
1764458685622 29.45185089111328 74
1764458685626 31.66634178161621 75
1764458685629 33.10554885864258 76
1764458685633 30.221641540527344 77
1764458685639 34.196136474609375 78
1764458685643 33.01695251464844 79
1764458685650 29.922609329223633 80
1764458685659 32.01266860961914 81
1764458685666 29.95931053161621 82
1764458685671 29.906005859375 83
1764458685677 34.74701690673828 84
1764458685683 30.97014045715332 85
1764458685689 29.50643539428711 86
1764458685695 32.762451171875 87
1764458685706 28.951148986816406 88
1764458685714 30.330331802368164 89
1764458685724 31.135501861572266 90
1764458685729 31.392446517944336 91
1764458685735 30.536409378051758 92
1764458685743 35.66057586669922 93
1764458685750 31.201602935791016 94
1764458685759 29.535423278808594 95
1764458685764 33.74565887451172 96
1764458685768 30.064607620239258 97
1764458685775 33.340702056884766 98
1764458685780 31.374074935913086 99
1764458685286 48.391151428222656 0
