1764375847748 61.87984085083008 0
1764375847752 40.73685836791992 1
1764375847756 38.426387786865234 2
1764375847761 37.392486572265625 3
1764375847764 36.10481643676758 4
1764375847768 35.308074951171875 5
1764375847772 34.462303161621094 6
1764375847776 33.565608978271484 7
1764375847779 32.72392272949219 8
1764375847784 31.73571014404297 9
1764375847787 31.219900131225586 10
1764375847791 30.104385375976562 11
1764375847795 29.73433494567871 12
1764375847799 28.64330291748047 13
1764375847802 28.024612426757812 14
1764375847806 27.67571449279785 15
1764375847810 27.357250213623047 16
1764375847814 27.178037643432617 17
1764375847818 27.174009323120117 18
1764375847822 26.359516143798828 19
1764375847825 26.544219970703125 20
1764375847828 26.214725494384766 21
1764375847833 25.99207305908203 22
1764375847836 26.314783096313477 23
1764375847840 25.932823181152344 24
1764375847844 26.219226837158203 25
1764375847847 25.588237762451172 26
1764375847856 25.44498062133789 27
1764375847860 25.42915916442871 28
1764375847864 25.452655792236328 29
1764375847868 24.881689071655273 30
1764375847872 25.230045318603516 31
1764375847876 25.28375816345215 32
1764375847880 25.2515869140625 33
1764375847883 25.077219009399414 34
1764375847887 24.911651611328125 35
1764375847890 24.9040470123291 36
1764375847894 24.788427352905273 37
1764375847897 24.601545333862305 38
1764375847902 25.301170349121094 39
1764375847906 24.79328727722168 40
1764375847909 24.708250045776367 41
1764375847913 23.94098472595215 42
1764375847917 24.91494369506836 43
1764375847920 24.503232955932617 44
1764375847924 24.550575256347656 45
1764375847927 24.372819900512695 46
1764375847931 24.62855339050293 47
1764375847934 24.27853012084961 48
1764375847937 24.237266540527344 49
1764375847942 24.342510223388672 50
1764375847945 24.39200782775879 51
1764375847948 24.126684188842773 52
1764375847952 24.261064529418945 53
1764375847956 24.342456817626953 54
1764375847960 24.357099533081055 55
1764375847964 23.853300094604492 56
1764375847967 24.416357040405273 57
1764375847971 24.405858993530273 58
1764375847975 24.26845932006836 59
1764375847978 24.19991111755371 60
1764375847982 23.50738525390625 61
1764375847986 24.155569076538086 62
1764375847991 24.00975227355957 63
1764375847995 24.015365600585938 64
1764375847999 23.484012603759766 65
1764375848003 23.986251831054688 66
1764375848006 24.078481674194336 67
1764375848010 23.874101638793945 68
1764375848014 23.729022979736328 69
1764375848017 23.67162322998047 70
1764375848021 23.500749588012695 71
1764375848025 23.80484390258789 72
1764375848028 24.20930290222168 73
1764375848031 23.80190086364746 74
1764375848035 23.88420295715332 75
1764375848039 23.652713775634766 76
1764375848044 23.288869857788086 77
1764375848048 23.831043243408203 78
1764375848051 23.39800453186035 79
1764375848055 23.74862289428711 80
1764375848058 23.491817474365234 81
1764375848062 23.09016990661621 82
1764375848066 23.959392547607422 83
1764375848070 23.4697322845459 84
1764375848075 23.34459114074707 85
1764375848078 23.298194885253906 86
1764375848083 23.607248306274414 87
1764375848086 23.52313232421875 88
1764375848090 23.39377212524414 89
1764375848094 23.418743133544922 90
1764375848097 23.577695846557617 91
1764375848101 23.48282241821289 92
1764375848105 23.52325439453125 93
1764375848108 22.955814361572266 94
1764375848113 23.31186866760254 95
1764375848118 23.485868453979492 96
1764375848124 23.424875259399414 97
1764375848128 22.844467163085938 98
1764375848133 23.261260986328125 99
1764375847748 61.87984085083008 0
