1764373167428 120.38279724121094 0
1764373167432 57.055633544921875 1
1764373167437 50.41654586791992 2
1764373167442 47.71048355102539 3
1764373167446 45.75741195678711 4
1764373167449 44.12819290161133 5
1764373167454 42.66408157348633 6
1764373167459 41.384925842285156 7
1764373167463 40.32893371582031 8
1764373167466 39.43888854980469 9
1764373167477 38.777801513671875 10
1764373167481 38.23945999145508 11
1764373167486 37.86982727050781 12
1764373167495 37.58760070800781 13
1764373167499 37.35860824584961 14
1764373167503 37.14986801147461 15
1764373167510 36.913902282714844 16
1764373167514 36.716339111328125 17
1764373167517 36.522884368896484 18
1764373167522 36.29660415649414 19
1764373167527 36.14866638183594 20
1764373167530 35.955074310302734 21
1764373167541 35.78961181640625 22
1764373167547 35.612586975097656 23
1764373167552 35.45509719848633 24
1764373167559 35.30692672729492 25
1764373167565 35.12236785888672 26
1764373167569 34.94968795776367 27
1764373167576 34.77165222167969 28
1764373167581 34.589508056640625 29
1764373167585 34.372188568115234 30
1764373167591 34.17095184326172 31
1764373167596 33.93966293334961 32
1764373167601 33.715450286865234 33
1764373167607 33.48398971557617 34
1764373167614 33.246925354003906 35
1764373167619 32.99668502807617 36
1764373167627 32.74614715576172 37
1764373167631 32.465763092041016 38
1764373167634 32.25895309448242 39
1764373167653 32.01589584350586 40
1764373167663 31.77556610107422 41
1764373167667 31.576038360595703 42
1764373167672 31.35964012145996 43
1764373167683 31.12942123413086 44
1764373167696 30.933961868286133 45
1764373167701 30.74019432067871 46
1764373167705 30.51396942138672 47
1764373167710 30.323314666748047 48
1764373167714 30.12460708618164 49
1764373167717 29.91802406311035 50
1764373167727 29.73847770690918 51
1764373167732 29.505762100219727 52
1764373167744 29.349515914916992 53
1764373167750 29.210834503173828 54
1764373167754 28.989173889160156 55
1764373167762 28.77815055847168 56
1764373167765 28.64161491394043 57
1764373167769 28.451154708862305 58
1764373167778 28.289899826049805 59
1764373167784 28.18006134033203 60
1764373167792 28.028209686279297 61
1764373167797 27.85645866394043 62
1764373167804 27.6712703704834 63
1764373167811 27.59465217590332 64
1764373167815 27.426679611206055 65
1764373167821 27.243053436279297 66
1764373167828 27.125680923461914 67
1764373167833 26.978322982788086 68
1764373167837 26.856884002685547 69
1764373167845 26.699256896972656 70
1764373167848 26.548830032348633 71
1764373167853 26.43443489074707 72
1764373167858 26.33194351196289 73
1764373167862 26.18636703491211 74
1764373167866 26.062801361083984 75
1764373167871 25.932750701904297 76
1764373167876 25.833162307739258 77
1764373167881 25.7478084564209 78
1764373167884 25.65956687927246 79
1764373167897 25.501567840576172 80
1764373167900 25.377300262451172 81
1764373167908 25.302108764648438 82
1764373167914 25.234262466430664 83
1764373167917 25.14288330078125 84
1764373167927 25.150283813476562 85
1764373167934 24.945207595825195 86
1764373167942 24.836097717285156 87
1764373167946 24.762285232543945 88
1764373167950 24.708250045776367 89
1764373167955 24.598236083984375 90
1764373167960 24.49934196472168 91
1764373167964 24.504230499267578 92
1764373167968 24.352073669433594 93
1764373167981 24.283552169799805 94
1764373167996 24.210243225097656 95
1764373168003 24.139135360717773 96
1764373168010 24.091079711914062 97
1764373168014 23.96856689453125 98
1764373168018 23.839019775390625 99
1764373167428 120.38279724121094 0
