1764375321394 64.07443237304688 0
1764375321407 41.091896057128906 1
1764375321415 38.6580924987793 2
1764375321423 37.841312408447266 3
1764375321432 36.951622009277344 4
1764375321443 36.142974853515625 5
1764375321452 35.18209457397461 6
1764375321465 34.290931701660156 7
1764375321475 33.49051284790039 8
1764375321485 32.40821838378906 9
1764375321492 31.797183990478516 10
1764375321506 31.078073501586914 11
1764375321513 30.462324142456055 12
1764375321517 29.740009307861328 13
1764375321522 29.4094181060791 14
1764375321533 28.909143447875977 15
1764375321584 28.43986701965332 16
1764375321592 28.257705688476562 17
1764375321601 27.533414840698242 18
1764375321610 27.497392654418945 19
1764375321614 26.92157554626465 20
1764375321618 26.672855377197266 21
1764375321622 26.987625122070312 22
1764375321626 26.465139389038086 23
1764375321630 26.523534774780273 24
1764375321633 26.241464614868164 25
1764375321639 26.05655288696289 26
1764375321643 26.257930755615234 27
1764375321646 25.872529983520508 28
1764375321651 25.810565948486328 29
1764375321654 26.010698318481445 30
1764375321657 25.65610694885254 31
1764375321662 25.621482849121094 32
1764375321665 25.849882125854492 33
1764375321668 25.526702880859375 34
1764375321673 25.20427131652832 35
1764375321676 25.286592483520508 36
1764375321685 25.36913299560547 37
1764375321689 25.344324111938477 38
1764375321693 24.756357192993164 39
1764375321697 25.02226448059082 40
1764375321701 25.141498565673828 41
1764375321705 25.14614486694336 42
1764375321709 24.899330139160156 43
1764375321713 24.830175399780273 44
1764375321717 24.689071655273438 45
1764375321721 24.910202026367188 46
1764375321724 24.71183967590332 47
1764375321728 24.786623001098633 48
1764375321733 24.685291290283203 49
1764375321741 24.927082061767578 50
1764375321752 24.728181838989258 51
1764375321757 24.895648956298828 52
1764375321767 24.483734130859375 53
1764375321777 24.618452072143555 54
1764375321811 24.6932315826416 55
1764375321818 24.42915916442871 56
1764375321826 24.3969783782959 57
1764375321832 24.599367141723633 58
1764375321879 24.77630615234375 59
1764375321926 24.546560287475586 60
1764375321947 24.150333404541016 61
1764375321956 24.794038772583008 62
1764375321961 24.05600929260254 63
1764375321966 24.6151123046875 64
1764375321972 24.09609603881836 65
1764375321977 24.204769134521484 66
1764375321981 24.267723083496094 67
1764375321988 24.126466751098633 68
1764375322000 24.17298126220703 69
1764375322004 23.944271087646484 70
1764375322011 24.176746368408203 71
1764375322018 24.322280883789062 72
1764375322026 23.916799545288086 73
1764375322043 23.892154693603516 74
1764375322053 23.850440979003906 75
1764375322062 24.118038177490234 76
1764375322069 24.367298126220703 77
1764375322076 23.79984474182129 78
1764375322083 24.083660125732422 79
1764375322090 24.041484832763672 80
1764375322094 23.992727279663086 81
1764375322100 24.020761489868164 82
1764375322105 23.900230407714844 83
1764375322109 23.794618606567383 84
1764375322118 23.813478469848633 85
1764375322126 23.83616065979004 86
1764375322132 23.813283920288086 87
1764375322139 23.53990936279297 88
1764375322142 23.824752807617188 89
1764375322148 23.508258819580078 90
1764375322154 23.640703201293945 91
1764375322158 23.946136474609375 92
1764375322164 23.521392822265625 93
1764375322169 23.906023025512695 94
1764375322173 23.539506912231445 95
1764375322183 23.7082576751709 96
1764375322188 23.533597946166992 97
1764375322193 23.291030883789062 98
1764375322198 23.4207763671875 99
1764375321394 64.07443237304688 0
