1764374796053 128.20846557617188 0
1764374796059 63.16273498535156 1
1764374796068 52.515968322753906 2
1764374796074 49.76231384277344 3
1764374796080 47.82664108276367 4
1764374796084 46.2298698425293 5
1764374796090 44.81736373901367 6
1764374796096 43.51831817626953 7
1764374796100 42.32913589477539 8
1764374796105 41.2723274230957 9
1764374796108 40.41822814941406 10
1764374796115 39.7873420715332 11
1764374796120 39.25247573852539 12
1764374796125 38.85051727294922 13
1764374796130 38.498863220214844 14
1764374796134 38.22907638549805 15
1764374796138 38.00226974487305 16
1764374796142 37.802513122558594 17
1764374796147 37.64213562011719 18
1764374796151 37.48192596435547 19
1764374796165 37.31498336791992 20
1764374796170 37.20640182495117 21
1764374796174 37.02912139892578 22
1764374796178 36.87709426879883 23
1764374796182 36.74245834350586 24
1764374796187 36.583377838134766 25
1764374796190 36.43964385986328 26
1764374796197 36.27602005004883 27
1764374796200 36.14384460449219 28
1764374796205 35.96498489379883 29
1764374796209 35.78848648071289 30
1764374796216 35.61476516723633 31
1764374796221 35.44566345214844 32
1764374796226 35.250545501708984 33
1764374796231 35.043270111083984 34
1764374796236 34.84105682373047 35
1764374796239 34.65864944458008 36
1764374796245 34.435142517089844 37
1764374796248 34.25877380371094 38
1764374796253 34.038658142089844 39
1764374796258 33.87101745605469 40
1764374796264 33.64018630981445 41
1764374796268 33.497528076171875 42
1764374796272 33.28937911987305 43
1764374796277 33.13872528076172 44
1764374796281 32.943878173828125 45
1764374796285 32.780208587646484 46
1764374796291 32.602413177490234 47
1764374796296 32.41584014892578 48
1764374796300 32.259639739990234 49
1764374796305 32.13871765136719 50
1764374796308 31.978775024414062 51
1764374796315 31.79704475402832 52
1764374796320 31.651527404785156 53
1764374796324 31.56686019897461 54
1764374796330 31.35334587097168 55
1764374796333 31.219839096069336 56
1764374796338 31.085529327392578 57
1764374796342 30.975507736206055 58
1764374796347 30.799114227294922 59
1764374796351 30.677888870239258 60
1764374796357 30.534969329833984 61
1764374796363 30.396442413330078 62
1764374796367 30.286304473876953 63
1764374796373 30.141338348388672 64
1764374796381 30.032024383544922 65
1764374796386 29.909744262695312 66
1764374796394 29.800067901611328 67
1764374796398 29.649097442626953 68
1764374796406 29.541444778442383 69
1764374796428 29.393447875976562 70
1764374796434 29.268625259399414 71
1764374796440 29.182647705078125 72
1764374796446 29.049976348876953 73
1764374796450 28.933347702026367 74
1764374796461 28.781265258789062 75
1764374796468 28.644453048706055 76
1764374796474 28.51957893371582 77
1764374796479 28.44991683959961 78
1764374796484 28.29189682006836 79
1764374796490 28.16893768310547 80
1764374796497 28.06356430053711 81
1764374796503 27.945335388183594 82
1764374796512 27.8610897064209 83
1764374796518 27.75606346130371 84
1764374796523 27.667400360107422 85
1764374796529 27.49386978149414 86
1764374796534 27.358156204223633 87
1764374796538 27.24771499633789 88
1764374796542 27.133888244628906 89
1764374796547 26.99563980102539 90
1764374796551 26.898418426513672 91
1764374796558 26.800636291503906 92
1764374796565 26.642763137817383 93
1764374796571 26.60134506225586 94
1764374796579 26.481203079223633 95
1764374796583 26.419221878051758 96
1764374796589 26.24949836730957 97
1764374796597 26.19013214111328 98
1764374796601 26.133689880371094 99
1764374796053 128.20846557617188 0
