1764451232522 49.307518005371094 0
1764451232527 41.753536224365234 1
1764451232539 40.56616973876953 2
1764451232547 39.63641357421875 3
1764451232552 38.46908950805664 4
1764451232555 38.64891052246094 5
1764451232560 38.9754638671875 6
1764451232564 36.7559928894043 7
1764451232568 38.36396789550781 8
1764451232573 36.232765197753906 9
1764451232577 37.314781188964844 10
1764451232581 35.787113189697266 11
1764451232586 36.152950286865234 12
1764451232590 36.70970916748047 13
1764451232594 35.30671691894531 14
1764451232599 37.24114990234375 15
1764451232603 36.468441009521484 16
1764451232607 35.313289642333984 17
1764451232611 36.522605895996094 18
1764451232615 33.888797760009766 19
1764451232619 36.16466522216797 20
1764451232630 34.579002380371094 21
1764451232639 33.79862594604492 22
1764451232643 32.8889274597168 23
1764451232647 34.40214920043945 24
1764451232652 33.0390739440918 25
1764451232656 32.45965576171875 26
1764451232661 33.870426177978516 27
1764451232665 33.07875061035156 28
1764451232669 35.285919189453125 29
1764451232674 32.683982849121094 30
1764451232678 33.5476188659668 31
1764451232682 32.568199157714844 32
1764451232686 33.553470611572266 33
1764451232690 33.16179275512695 34
1764451232694 33.067466735839844 35
1764451232699 33.68882369995117 36
1764451232703 31.291765213012695 37
1764451232707 34.75028610229492 38
1764451232712 33.36079025268555 39
1764451232717 31.84425163269043 40
1764451232721 32.42246627807617 41
1764451232726 33.29010772705078 42
1764451232731 32.3424072265625 43
1764451232739 32.06845474243164 44
1764451232743 31.306516647338867 45
1764451232747 32.53946304321289 46
1764451232751 31.844375610351562 47
1764451232755 32.123844146728516 48
1764451232763 31.76800537109375 49
1764451232767 34.037841796875 50
1764451232772 34.637882232666016 51
1764451232775 33.894981384277344 52
1764451232779 33.67404556274414 53
1764451232784 30.587383270263672 54
1764451232788 33.01292419433594 55
1764451232792 33.70677947998047 56
1764451232796 31.205509185791016 57
1764451232800 31.212656021118164 58
1764451232804 33.22580337524414 59
1764451232809 32.13263702392578 60
1764451232813 30.697057723999023 61
1764451232818 31.277259826660156 62
1764451232821 32.32067108154297 63
1764451232825 31.52337074279785 64
1764451232830 31.104103088378906 65
1764451232833 31.088991165161133 66
1764451232837 32.17570877075195 67
1764451232842 31.264163970947266 68
1764451232846 32.90082550048828 69
1764451232850 32.02540969848633 70
1764451232855 31.141632080078125 71
1764451232858 32.95436477661133 72
1764451232864 31.110488891601562 73
1764451232869 31.291959762573242 74
1764451232883 30.489456176757812 75
1764451232889 33.07062530517578 76
1764451232893 31.736461639404297 77
1764451232897 31.38300895690918 78
1764451232901 31.664745330810547 79
1764451232905 30.479488372802734 80
1764451232909 35.81543731689453 81
1764451232914 30.443998336791992 82
1764451232919 35.75061798095703 83
1764451232925 31.63809585571289 84
1764451232930 31.087738037109375 85
1764451232934 31.312938690185547 86
1764451232944 29.808740615844727 87
1764451232949 34.58307647705078 88
1764451232953 31.068063735961914 89
1764451232958 34.53752136230469 90
1764451232963 32.38996887207031 91
1764451232967 31.226478576660156 92
1764451232971 32.5377082824707 93
1764451232976 36.77264404296875 94
1764451232980 30.680883407592773 95
1764451232984 33.67698669433594 96
1764451232988 31.393924713134766 97
1764451232993 36.367164611816406 98
1764451232996 32.03395080566406 99
1764451232522 49.307518005371094 0
