1764375577159 64.71990966796875 0
1764375577164 41.035804748535156 1
1764375577168 38.39901351928711 2
1764375577172 37.12112808227539 3
1764375577176 36.009246826171875 4
1764375577180 34.8823356628418 5
1764375577185 33.780738830566406 6
1764375577189 32.899452209472656 7
1764375577193 32.43304443359375 8
1764375577198 31.762493133544922 9
1764375577203 30.594558715820312 10
1764375577207 29.92548179626465 11
1764375577211 29.38615608215332 12
1764375577216 28.731271743774414 13
1764375577223 28.23495864868164 14
1764375577227 27.50023078918457 15
1764375577232 27.40323257446289 16
1764375577236 27.323776245117188 17
1764375577240 27.242231369018555 18
1764375577244 26.931171417236328 19
1764375577249 26.795202255249023 20
1764375577253 26.929136276245117 21
1764375577258 26.379528045654297 22
1764375577267 26.003190994262695 23
1764375577273 26.321908950805664 24
1764375577276 26.220762252807617 25
1764375577282 26.129610061645508 26
1764375577285 26.198366165161133 27
1764375577288 25.921884536743164 28
1764375577293 25.9713134765625 29
1764375577298 25.508739471435547 30
1764375577302 25.760452270507812 31
1764375577306 25.88150978088379 32
1764375577309 25.45768165588379 33
1764375577314 25.40001106262207 34
1764375577318 25.65596580505371 35
1764375577322 25.60330581665039 36
1764375577327 25.56401824951172 37
1764375577332 25.223718643188477 38
1764375577335 25.13216209411621 39
1764375577339 25.130645751953125 40
1764375577343 25.3427791595459 41
1764375577347 25.220806121826172 42
1764375577352 24.610172271728516 43
1764375577357 25.22553825378418 44
1764375577360 24.64263153076172 45
1764375577365 24.93436050415039 46
1764375577368 24.96430015563965 47
1764375577372 24.896665573120117 48
1764375577376 24.82308578491211 49
1764375577382 24.52386474609375 50
1764375577385 24.621423721313477 51
1764375577390 24.518604278564453 52
1764375577393 24.835416793823242 53
1764375577397 24.775184631347656 54
1764375577402 24.615034103393555 55
1764375577406 24.49571990966797 56
1764375577409 24.635433197021484 57
1764375577415 24.27228355407715 58
1764375577419 24.771345138549805 59
1764375577424 24.438289642333984 60
1764375577427 24.23369598388672 61
1764375577432 24.16652488708496 62
1764375577436 24.35433006286621 63
1764375577440 24.36893081665039 64
1764375577444 24.379192352294922 65
1764375577449 24.224435806274414 66
1764375577454 23.974227905273438 67
1764375577459 24.029037475585938 68
1764375577464 24.51212501525879 69
1764375577467 24.363576889038086 70
1764375577472 24.338747024536133 71
1764375577477 23.884119033813477 72
1764375577482 24.08495330810547 73
1764375577487 23.934452056884766 74
1764375577492 24.011234283447266 75
1764375577495 23.98186492919922 76
1764375577500 23.973670959472656 77
1764375577504 23.772666931152344 78
1764375577507 24.05699348449707 79
1764375577512 23.74466896057129 80
1764375577519 23.72623634338379 81
1764375577525 23.733304977416992 82
1764375577531 23.714048385620117 83
1764375577535 23.819076538085938 84
1764375577538 23.611825942993164 85
1764375577542 23.584999084472656 86
1764375577547 23.560922622680664 87
1764375577551 23.80670166015625 88
1764375577555 23.301265716552734 89
1764375577559 23.731409072875977 90
1764375577564 23.549285888671875 91
1764375577568 23.477720260620117 92
1764375577572 23.519145965576172 93
1764375577575 23.705495834350586 94
1764375577580 23.281631469726562 95
1764375577584 23.540477752685547 96
1764375577588 23.466712951660156 97
1764375577593 23.430349349975586 98
1764375577597 23.553401947021484 99
1764375577159 64.71990966796875 0
