1764374096927 58.740379333496094 0
1764374096932 39.913352966308594 1
1764374096937 38.33176040649414 2
1764374096942 37.28050994873047 3
1764374096947 36.58237838745117 4
1764374096952 36.150081634521484 5
1764374096956 35.71818161010742 6
1764374096960 35.625083923339844 7
1764374096964 34.4162712097168 8
1764374096969 32.932899475097656 9
1764374096974 31.728910446166992 10
1764374096978 31.045778274536133 11
1764374096982 30.363096237182617 12
1764374096986 30.14630126953125 13
1764374096991 29.461000442504883 14
1764374096995 28.931114196777344 15
1764374097000 28.6274356842041 16
1764374097004 28.387117385864258 17
1764374097008 28.033489227294922 18
1764374097013 27.624786376953125 19
1764374097017 27.653440475463867 20
1764374097021 27.309898376464844 21
1764374097025 27.190488815307617 22
1764374097029 26.812265396118164 23
1764374097041 26.588239669799805 24
1764374097046 26.879470825195312 25
1764374097050 26.730592727661133 26
1764374097054 26.753751754760742 27
1764374097060 26.57720947265625 28
1764374097064 26.308748245239258 29
1764374097067 26.19267463684082 30
1764374097072 26.521120071411133 31
1764374097076 26.259788513183594 32
1764374097080 26.191158294677734 33
1764374097084 26.09766960144043 34
1764374097088 26.237621307373047 35
1764374097092 26.03477668762207 36
1764374097096 25.896488189697266 37
1764374097101 25.443628311157227 38
1764374097111 25.915908813476562 39
1764374097117 25.79355812072754 40
1764374097125 25.312824249267578 41
1764374097130 25.569726943969727 42
1764374097136 27.707080841064453 43
1764374097145 25.492231369018555 44
1764374097149 25.283531188964844 45
1764374097153 25.471372604370117 46
1764374097156 24.858924865722656 47
1764374097160 25.27069854736328 48
1764374097164 25.396596908569336 49
1764374097167 25.05500030517578 50
1764374097173 25.05218505859375 51
1764374097177 25.095355987548828 52
1764374097182 25.49565887451172 53
1764374097186 25.12038803100586 54
1764374097191 25.070711135864258 55
1764374097195 24.81284523010254 56
1764374097199 25.100818634033203 57
1764374097204 24.814321517944336 58
1764374097208 24.888166427612305 59
1764374097212 24.884246826171875 60
1764374097215 24.983007431030273 61
1764374097219 24.741172790527344 62
1764374097223 24.921855926513672 63
1764374097227 24.509450912475586 64
1764374097231 24.5405330657959 65
1764374097235 25.126598358154297 66
1764374097240 24.903465270996094 67
1764374097243 24.69731903076172 68
1764374097247 24.432235717773438 69
1764374097252 24.897808074951172 70
1764374097255 24.929519653320312 71
1764374097259 24.624914169311523 72
1764374097263 24.576770782470703 73
1764374097266 24.336029052734375 74
1764374097270 24.806482315063477 75
1764374097274 24.935117721557617 76
1764374097277 24.679262161254883 77
1764374097281 24.265220642089844 78
1764374097285 24.804834365844727 79
1764374097292 24.573652267456055 80
1764374097297 24.71822166442871 81
1764374097302 24.458545684814453 82
1764374097305 24.296056747436523 83
1764374097310 24.67743492126465 84
1764374097313 24.53244972229004 85
1764374097316 24.42471694946289 86
1764374097320 24.725688934326172 87
1764374097325 24.110143661499023 88
1764374097332 24.636516571044922 89
1764374097340 24.409393310546875 90
1764374097350 24.40972137451172 91
1764374097360 24.234844207763672 92
1764374097367 23.864673614501953 93
1764374097373 24.450382232666016 94
1764374097377 24.310604095458984 95
1764374097381 24.145843505859375 96
1764374097385 24.340965270996094 97
1764374097391 24.273218154907227 98
1764374097395 24.318161010742188 99
1764374096927 58.740379333496094 0
