1764374307627 61.966827392578125 0
1764374307640 41.44852828979492 1
1764374307794 38.689239501953125 2
1764374307805 37.604862213134766 3
1764374307821 36.6351432800293 4
1764374307837 35.563594818115234 5
1764374307853 34.46347427368164 6
1764374307893 33.29703903198242 7
1764374307994 32.440677642822266 8
1764374308011 31.86659049987793 9
1764374308098 31.242063522338867 10
1764374308114 30.573810577392578 11
1764374308128 29.98748779296875 12
1764374308147 29.418249130249023 13
1764374308156 28.511137008666992 14
1764374308168 28.50786018371582 15
1764374308177 28.22477912902832 16
1764374308187 27.807476043701172 17
1764374308195 27.740873336791992 18
1764374308201 27.12725830078125 19
1764374308207 27.318035125732422 20
1764374308213 27.196168899536133 21
1764374308223 26.76185417175293 22
1764374308230 26.912609100341797 23
1764374308236 26.196077346801758 24
1764374308246 26.64610481262207 25
1764374308253 26.667953491210938 26
1764374308261 26.073949813842773 27
1764374308268 26.64675521850586 28
1764374308273 26.144359588623047 29
1764374308284 25.98752784729004 30
1764374308289 26.407241821289062 31
1764374308298 25.932641983032227 32
1764374308305 25.818859100341797 33
1764374308312 25.796125411987305 34
1764374308319 25.947927474975586 35
1764374308323 25.459880828857422 36
1764374308330 25.310508728027344 37
1764374308338 25.94064712524414 38
1764374308345 25.36469078063965 39
1764374308351 25.343046188354492 40
1764374308357 24.92556381225586 41
1764374308362 25.355117797851562 42
1764374308370 25.392135620117188 43
1764374308377 24.94175148010254 44
1764374308386 25.21651268005371 45
1764374308396 25.368024826049805 46
1764374308402 25.144451141357422 47
1764374308406 25.595050811767578 48
1764374308410 24.91558265686035 49
1764374308414 25.17616844177246 50
1764374308419 25.178510665893555 51
1764374308422 24.773944854736328 52
1764374308432 24.904809951782227 53
1764374308458 24.777246475219727 54
1764374308466 24.66982650756836 55
1764374308470 25.09290313720703 56
1764374308479 24.54397964477539 57
1764374308490 24.882068634033203 58
1764374308499 24.91203498840332 59
1764374308507 24.75913429260254 60
1764374308518 24.256404876708984 61
1764374308527 25.734546661376953 62
1764374308533 24.681270599365234 63
1764374308543 24.60983657836914 64
1764374308551 24.50950813293457 65
1764374308557 24.243160247802734 66
1764374308563 24.7047176361084 67
1764374308568 24.5911922454834 68
1764374308572 24.652828216552734 69
1764374308578 24.414262771606445 70
1764374308587 24.089982986450195 71
1764374308596 24.617450714111328 72
1764374308602 24.436996459960938 73
1764374308606 24.34679412841797 74
1764374308612 24.61968231201172 75
1764374308617 23.94341278076172 76
1764374308620 24.276639938354492 77
1764374308627 23.996763229370117 78
1764374308630 24.083993911743164 79
1764374308639 23.981334686279297 80
1764374308647 23.954002380371094 81
1764374308652 24.20939064025879 82
1764374308656 24.419933319091797 83
1764374308664 23.505733489990234 84
1764374308669 24.127971649169922 85
1764374308672 24.171953201293945 86
1764374308688 24.128429412841797 87
1764374308695 23.608856201171875 88
1764374308701 24.05230712890625 89
1764374308705 24.18131446838379 90
1764374308710 23.987255096435547 91
1764374308714 24.067312240600586 92
1764374308719 23.802745819091797 93
1764374308723 23.96515464782715 94
1764374308728 23.71941566467285 95
1764374308735 24.03241729736328 96
1764374308742 23.80215835571289 97
1764374308751 23.868549346923828 98
1764374308757 23.907331466674805 99
1764374307627 61.966827392578125 0
